$ 1 0.000005 10.20027730826997 50 5 43 5e-11
w -1072 224 -1040 224 0
f -992 272 -912 272 32 1.5 0.02
f -992 176 -912 176 33 1.5 0.02
w -1040 176 -992 176 0
w -1040 272 -992 272 0
w -1040 224 -1040 176 0
w -1040 272 -1040 224 0
g -912 320 -912 368 0 0
R -912 128 -912 80 0 0 40 5 0 0 0.5
w -912 320 -912 288 0
w -912 160 -912 128 0
w -912 192 -880 192 0
w -912 256 -880 256 0
w -880 256 -880 224 0
w -880 224 -880 192 0
x -1024 232 -914 235 4 24 gate:\sNOT
x -516 -150 -420 -147 4 24 gate:\sOR
w -384 -160 -384 -192 0
w -384 -128 -384 -160 0
w -416 -128 -384 -128 0
w -416 -192 -384 -192 0
R -416 -304 -416 -352 0 0 40 5 0 0 0.5
g -416 32 -416 80 0 0
w -592 -208 -560 -208 0
f -512 -256 -448 -256 32 1.5 0.02
f -320 -256 -384 -256 32 1.5 0.02
w -592 -48 -560 -48 0
f -480 -16 -416 -16 33 1.5 0.02
f -352 -80 -416 -80 33 1.5 0.02
w -416 -304 -448 -304 0
w -448 -304 -448 -272 0
w -416 -304 -384 -304 0
w -384 -304 -384 -272 0
w -416 32 -416 0 0
w -416 -32 -416 -64 0
w -416 -96 -416 -128 0
w -448 -240 -448 -224 0
w -384 -240 -384 -224 0
w -384 -224 -416 -224 0
w -416 -224 -448 -224 0
w -416 -224 -416 -192 0
w -560 -208 -560 -256 0
w -560 -256 -512 -256 0
w -320 -256 -320 -384 0
w -320 -384 -544 -384 0
w -560 -48 -544 -48 0
w -544 -48 -544 -384 0
w -480 -16 -544 -16 0
w -544 -16 -544 -48 0
w -352 -80 -352 112 0
w -352 112 -560 112 0
w -560 -208 -560 112 0
w 64 -48 96 -48 0
w 64 -208 96 -208 0
g 240 64 240 112 0 0
R 240 -352 240 -400 0 0 40 5 0 0 0.5
w 240 -160 272 -160 0
w 240 -96 272 -96 0
w 272 -96 272 -128 0
w 272 -128 272 -160 0
x 140 -118 250 -115 4 24 gate:\sAND
f 176 -288 240 -288 32 1.5 0.02
f 304 -224 240 -224 32 1.5 0.02
w 240 -304 240 -352 0
w 240 -240 240 -272 0
w 240 -208 240 -160 0
f 336 -16 272 -16 33 1.5 0.02
f 144 -16 208 -16 33 1.5 0.02
w 272 -32 272 -48 0
w 208 -32 208 -48 0
w 208 -48 240 -48 0
w 240 -48 272 -48 0
w 240 64 240 32 0
w 240 32 272 32 0
w 240 32 208 32 0
w 240 -48 240 -96 0
w 272 32 272 0 0
w 208 32 208 0 0
w 96 -208 96 -288 0
w 96 -288 176 -288 0
w 304 -224 352 -224 0
w 352 -224 352 -432 0
w 96 -48 112 -48 0
w 112 -48 112 -432 0
w 112 -432 352 -432 0
w 144 -16 96 -16 0
w 96 -16 96 -48 0
w 96 -208 128 -208 0
w 128 -208 128 160 0
w 336 -16 336 160 0
w 336 160 128 160 0
x -1282 -129 -916 -126 4 60 CMOS\sCircuit
w -320 848 -528 848 0
w -320 672 -320 848 0
w -528 480 -528 848 0
w -560 480 -528 480 0
w -560 672 -560 640 0
w -512 672 -560 672 0
w -544 256 -304 256 0
w -544 640 -544 256 0
w -560 640 -544 640 0
w -304 464 -304 256 0
w -352 464 -304 464 0
w -560 400 -480 400 0
w -560 480 -560 400 0
w -448 720 -448 688 0
w -384 720 -384 688 0
w -416 640 -416 592 0
w -416 720 -448 720 0
w -416 720 -384 720 0
w -416 752 -416 720 0
w -416 640 -384 640 0
w -448 640 -416 640 0
w -448 656 -448 640 0
w -384 656 -384 640 0
f -480 400 -416 400 33 1.5 0.02
f -352 464 -416 464 33 1.5 0.02
w -416 480 -416 528 0
w -416 448 -416 416 0
w -416 384 -416 336 0
f -320 672 -384 672 32 1.5 0.02
f -512 672 -448 672 32 1.5 0.02
x -507 568 -394 571 4 24 gate:\sNOR
w -352 560 -352 528 0
w -352 592 -352 560 0
w -416 592 -352 592 0
w -416 528 -352 528 0
R -416 336 -416 288 0 0 40 5 0 0 0.5
g -416 752 -416 800 0 0
w -592 480 -560 480 0
w -592 640 -560 640 0
w 960 -192 960 -144 0
w 960 -192 864 -192 0
w 1056 -192 960 -192 0
w 1056 -208 1056 -192 0
w 864 -208 864 -192 0
w 960 -16 960 -64 0
w 1056 -352 1056 -320 0
w 960 -352 1056 -352 0
w 864 -352 864 -320 0
w 960 -352 864 -352 0
g 960 176 960 208 0 0
R 960 -352 960 -400 0 0 40 5 0 0 0.5
w 960 -144 992 -144 0
w 960 -64 992 -64 0
w 992 -64 992 -96 0
w 992 -96 992 -144 0
x 860 -102 972 -99 4 24 gate:\sXOR
w 96 480 96 800 0
w 304 800 96 800 0
w 304 608 304 800 0
w 112 672 112 640 0
w 176 672 112 672 0
w 112 640 112 304 0
w 96 640 112 640 0
w 336 304 112 304 0
w 336 432 336 304 0
w 96 432 144 432 0
w 96 480 96 432 0
w 240 464 240 496 0
w 240 464 208 464 0
w 272 464 240 464 0
w 272 448 272 464 0
w 208 448 208 464 0
w 240 592 240 560 0
w 240 656 240 624 0
w 240 720 240 688 0
w 272 384 272 416 0
w 240 384 272 384 0
w 208 384 208 416 0
w 240 384 208 384 0
f 336 432 272 432 33 1.5 0.02
f 144 432 208 432 33 1.5 0.02
w 64 640 96 640 0
f 304 608 240 608 32 1.5 0.02
f 176 672 240 672 32 1.5 0.02
w 64 480 96 480 0
g 240 720 240 768 0 0
R 240 384 240 336 0 0 40 5 0 0 0.5
w 240 496 272 496 0
w 240 560 272 560 0
w 272 560 272 528 0
w 272 528 272 496 0
x 126 539 254 542 4 24 gate:\sNAND
f 816 -240 864 -240 33 1.5 0.02
w 864 -256 864 -288 0
w 864 -208 864 -224 0
w 1056 -208 1056 -224 0
f 768 -304 864 -304 33 1.5 0.02
f 1008 -304 1056 -304 33 1.5 0.02
w 1056 -256 1056 -288 0
f 960 -240 1056 -240 33 1.5 0.02
I 960 -304 1008 -304 0 0.5 5
L 64 -208 0 -208 0 1 false 5 0
L 64 -48 0 -48 0 1 false 5 0
L -592 -48 -656 -48 0 1 false 5 0
L -592 -208 -656 -208 0 0 false 5 0
L -592 640 -656 640 0 0 false 5 0
L -592 480 -656 480 0 0 false 5 0
L 64 640 0 640 0 0 false 5 0
L 64 480 0 480 0 1 false 5 0
L -1072 224 -1136 224 0 0 false 5 0
L 656 -208 592 -208 0 1 false 5 0
L 656 -48 592 -48 0 0 false 5 0
M 272 528 352 528 0 2.5
M 272 -128 352 -128 0 2.5
M -352 560 -272 560 0 2.5
M 992 -96 1072 -96 0 2.5
I 768 -240 816 -240 0 0.5 5
w 656 -208 656 -304 0
w 656 -304 768 -304 0
w 656 -48 688 -48 0
w 688 -48 688 -240 0
w 768 -240 688 -240 0
w 656 -304 656 -320 0
w 656 -320 960 -320 0
w 960 -304 960 -320 0
w 960 -240 960 -256 0
w 960 -256 688 -256 0
w 688 -240 688 -256 0
w 960 80 688 80 0
w 960 96 960 80 0
w 960 32 960 16 0
w 736 16 960 16 0
w 768 96 688 96 0
w 736 32 768 32 0
I 960 96 1008 96 0 0.5 5
I 960 32 1008 32 0 0.5 5
w 1056 80 1056 48 0
w 1056 128 1056 112 0
w 864 128 864 112 0
w 864 80 864 48 0
w 960 -16 864 -16 0
w 864 -16 864 16 0
w 960 -16 1056 -16 0
w 1056 -16 1056 16 0
w 864 128 864 144 0
w 1056 128 1056 144 0
w 1056 144 960 144 0
w 960 144 864 144 0
w 960 144 960 176 0
f 1008 32 1056 32 32 1.5 0.02
f 768 96 864 96 32 1.5 0.02
f 768 32 864 32 32 1.5 0.02
f 1008 96 1056 96 32 1.5 0.02
w 656 -208 656 -160 0
w 656 -160 736 -160 0
w 736 -160 736 16 0
w 736 32 736 16 0
w 688 96 688 80 0
w 688 80 688 -48 0
M -384 -160 -304 -160 0 2.5
M -880 224 -800 224 0 2.5
w 688 768 688 640 0
w 688 784 688 768 0
w 736 720 736 704 0
w 736 528 736 704 0
w 656 528 736 528 0
w 656 480 656 528 0
f 960 784 1056 784 32 1.5 0.02
f 768 720 864 720 32 1.5 0.02
f 816 784 864 784 32 1.5 0.02
f 1008 720 1056 720 32 1.5 0.02
w 960 832 960 864 0
w 960 832 864 832 0
w 1056 832 960 832 0
w 1056 816 1056 832 0
w 864 816 864 832 0
w 1056 672 1056 704 0
w 960 672 1056 672 0
w 864 672 864 704 0
w 960 672 864 672 0
w 864 768 864 736 0
w 864 816 864 800 0
w 1056 816 1056 800 0
w 1056 768 1056 736 0
I 960 720 1008 720 0 0.5 5
I 768 784 816 784 0 0.5 5
w 736 720 768 720 0
w 768 784 688 784 0
w 736 704 960 704 0
w 960 720 960 704 0
w 960 784 960 768 0
w 960 768 688 768 0
w 688 448 688 432 0
w 960 432 688 432 0
w 960 448 960 432 0
w 960 384 960 368 0
w 656 368 960 368 0
w 656 384 656 368 0
w 768 448 688 448 0
w 688 640 688 448 0
w 656 640 688 640 0
w 656 384 768 384 0
w 656 480 656 384 0
I 960 448 1008 448 0 0.5 5
M 992 592 1072 592 0 2.5
L 656 640 592 640 0 1 false 5 0
L 656 480 592 480 0 1 false 5 0
I 960 384 1008 384 0 0.5 5
f 1008 448 1056 448 33 1.5 0.02
w 1056 432 1056 400 0
f 1008 384 1056 384 33 1.5 0.02
f 768 384 864 384 33 1.5 0.02
w 1056 480 1056 464 0
w 864 480 864 464 0
w 864 432 864 400 0
f 768 448 864 448 33 1.5 0.02
x 844 593 973 596 4 24 gate:\sXNOR
w 992 592 992 544 0
w 992 624 992 592 0
w 960 624 992 624 0
w 960 544 992 544 0
R 960 336 960 288 0 0 40 5 0 0 0.5
g 960 864 960 896 0 0
w 960 336 864 336 0
w 864 336 864 368 0
w 960 336 1056 336 0
w 1056 336 1056 368 0
w 960 672 960 624 0
w 864 480 864 496 0
w 1056 480 1056 496 0
w 1056 496 960 496 0
w 960 496 864 496 0
w 960 496 960 544 0
403 -1232 432 -736 816 0 252_64_0_4098_5_0.1_0_1
403 -704 992 -176 1328 0 206_64_0_4098_5_0.1_0_1
403 -672 -832 -160 -464 0 251_64_0_4098_5_0.1_0_1
403 -32 -832 512 -480 0 205_64_0_4098_5_0.1_0_1
403 640 -832 1168 -480 0 207_64_0_4098_5_0.1_0_1
403 608 992 1168 1344 0 296_64_0_4098_5_0.1_0_1
403 -48 992 464 1328 0 204_64_0_4098_5_0.1_0_1
